Jaccard: 0.892063558101654
Precision: 0.9335266351699829
Recall: 0.858332633972168
