Jaccard: 0.8137379288673401
Precision: 0.8807381391525269
Recall: 0.7380967736244202
